0.3694793150727814
0.5338301356895009
0.08984436473856727
0.570602272178663
0.6254991116118156
0.7419341823148765
0.1676330856416932
0.6705725826425147
0.7208615727657911
0.2465240952501817
0.49371747043530645
0.5858559482726535
0.759080379636708
0.1968191943751063
0.1666717877333067
0.7529010634890112
0.24774438912220553
0.6708778313040205
0.7814959808630206
0.6559941455411407
0.9234408261567281
0.48881300305898545
0.009818274797860016
0.7479453017982161
0.5839797337870232
0.8578751033912039
0.23115849912560615
0.24430751416369378
0.14194045207493045
0.7609601942302837
0.987117258629971
0.4197822962839427
0.060379061537566336
0.9424500016457396
0.22019004297304046
0.41711292037973635
0.8181191347722644
0.5815308009892765
0.9039867655613093
0.5171940136591779
0.2509657674776339
0.670367419963567
0.5660359029767835
0.40094962908849263
0.6299133871232642
0.7532701354511306
0.36526239411951167
0.8952387579583582
0.10637319338169193
0.9785748408577603
0.4439482430413183
0.8338273082930897
0.06591809327986331
0.2130916926466978
0.1255681027453509
0.2914883854454884
0.023116269359107378
0.7503800228340064
0.03067888151267928
0.7107003281017988
0.12494618623026099
0.03468114918566256
0.7044738017826483
0.4090053458925468
0.010552257199541448
0.1531158703409733
0.6220355609721825
0.7232045483522719
0.7928610381337291
0.16844630651462078
0.810562324952307
0.09424069734344953
0.8451294138452445
0.1975932812083563
0.9118090214671508
0.38488092919499295
0.9180423617531561
0.42885219554029574
0.029426943523265914
0.5104549873210784
0.06567204521927772
0.42747157358890453
0.6967730287297995
0.6473742680076656
0.32302228245592834
0.2402973263813888
0.6074275739877063
0.791574155133194
0.8630939093252835
0.30442475940942026
0.5449244484777264
0.31352203114694877
0.4636050818978307
0.16554372726248723
0.10844719905599731
0.7554848909625055
0.2231819844739974
0.9335677733262974
0.23865260047710968
0.26731755759349096
0.554728977172625
0.30584928441627146
0.1831066155206661
0.03593789755050958
0.49599921151407267
0.04428267728325719
0.8503448835064852
0.6444073476092161
0.17362998150779185
0.07848483345545032
0.072926267991131
0.7834697920693374
0.5677843925815149
0.7798318402150584
0.6209274524390302
0.5139446176748065
0.4257815925628333
0.8224286080428733
0.7008819577186223
0.4219759406820618
0.7283670409915795
0.4908821388073018
0.47030099382384594
0.02795981631071387
0.4292690854209612
0.27795424789677925
0.3685811255976803
0.17387392978270366
0.27174327395917497
0.4941215491273633
0.10320735988328111
0.913235982805651
0.8557206698261376
0.3674187416882847
0.3113196451448542
0.5668190754011235
0.6128470984863071
0.6446061379911452
0.7638316638960666
0.6315832806516254
0.975396288245423
0.2725078154696462
0.8313594426120859
0.9800840784311258
0.22945674963003493
0.8287162800090411
0.0019944678557394235
0.36438139184076945
0.9243586579527391
0.26368231274202836
0.9732850256528823
0.39211785475169225
0.6940567521837063
0.7685111606954835
0.7995247862357853
0.08621554494266004
0.4616668387587065
0.008888380229760351
0.3594679667364393
0.7298923293052864
0.11680747975577666
0.26068940725943957
0.8852182333970859
0.4944500423415982
0.3979546192242237
0.21844277508189824
0.17547040706146577
0.41357622221072077
0.8043888102455863
0.9000229782738822
0.11948278388340305
0.24150528384486936
0.3753851014580929
0.6502635454779416
0.05590674675099483
0.7124128779245343
0.611770148996734
0.5933063767112922
0.7576894291229638
0.1078327813618366
0.23029793650040253
0.28077247478997613
0.8785031938834453
0.5026074915583835
0.6420098899428653
0.9610143517361097
0.017002111469429426
0.41229006202746743
0.43879123817812016
0.06884216635402363
0.10509705651112611
0.21974087262429387
0.2231705210966053
0.09038831611104614
0.1960748855530865
0.02676966375337475
0.07738339136210004
0.9287350157830855
0.7855013137815237
0.18135005652701797
0.39654092629862336
0.8178717267921747
0.5732577066415391
0.8970433846638399
0.7386859391812971
0.7555016090777412
0.5211769706071916
0.4440400169221792
0.9845860860489772
0.803308104937882
0.5212916150532619
0.17980592154997965
0.062085604650108484
0.0901655603583823
0.7116718424733363
0.7317314215199262
0.5944229386400239
0.47000648564446645
0.3150626925725466
0.7506719005812634
0.9460506188414576
0.20191039683443568
0.013106020356188686
0.738066909794809
0.4495700265609631
0.8867763716552867
0.45666140306667613
0.7326692537674034
0.8935647439293891
0.3587807577905322
0.9483651012495622
0.3250132129104034
0.9675772313088892
0.12265449772612558
0.9982226838975441
0.23862993692234047
0.03297003977166124
0.6962170546713891
0.5972228168814173
0.303390430908823
0.9665005474128688
0.059286197606179036
0.278619186858844
0.46748869688859507
0.5304602240821888
0.3752329460967656
0.5116687785106707
0.9826216780706767
0.6882326854242014
0.7006752029184846
0.5044737126251022
0.41208317137555106
0.3163710332536934
0.43391732812633377
0.6131289741346422
0.02517017006711486
0.9947920736704906
0.667565189411161
0.6737467823103923
0.3904203135393135
0.0595863076632801
0.8039712769673053
0.07918157972668616
0.3968306181442156
0.3124869569951655
0.892906222397465
0.5023692091896736
0.027201809591536175
0.8590997597887189
0.2856921333449357
0.6790571399683394
0.6763554724453156
0.040281161824684886
0.8657863508723891
0.7616622544742649
0.7269495624754497
0.05538354587586314
0.2201350811632592
0.13968851845543684
0.057891348362072104
0.7920594429744092
0.600942659169542
0.7196976319843756
0.2070363142293422
0.2946970213837604
0.1598880505447967
0.028469113925517764
0.1222771295659224
0.5372578158504318
0.7524081587202643
0.40840278993292267
0.8909194483284671
0.2538797706415512
0.4745639610315402
0.09971352049166005
0.1353435020449818
0.7925641624076992
0.6286159118021739
0.8309380103456085
0.7561287702736883
0.9859757622176101
0.5395755065607845
0.2680333680410747
0.9926253862828461
0.023835037271330628
0.17484859860826496
0.7325979628112177
0.7085106779295441
0.6517387937996356
0.13203242662460857
0.42103282283382526
0.09755466386490685
0.4793326429859386
0.0936405204622599
0.3073983514046662
0.44010202730885994
0.4397347816790744
0.9670374307392525
0.7228166913739015
0.9904525278950773
0.6518574386264685
0.6856311045902969
0.06913351648221155
0.7935188953964049
0.6016324813721862
0.03317717720158497
0.6078203318897633
0.6883099271928991
0.4215683639874259
0.06468941027915098
0.6381568809179916
0.86343657329077
0.6002863577603743
0.732546075518178
0.7069496892101117
0.3068165578551687
0.07376278601731634
0.8973005602148757
0.4626206862448633
0.5316936026188321
0.7594833881562034
0.35770673925143615
0.8824496882637434
0.5526715390190947
0.942285511687411
0.3303144065351623
0.21774834231256757
0.7007754554579091
0.7528994455865781
0.37851314014158066
0.8767909693797239
0.10404065282965014
0.6972712583903915
0.6795275210921905
0.24897052297496847
0.1308542072251213
0.7175891205975186
0.7686197203639173
0.7926329178379616
0.056997366224082247
0.5392694666153843
0.8159215967889573
0.06103304950340127
0.7427494422959303
0.4512476128474212
0.33478904078031413
0.8930155239933262
0.7667446869023615
0.2440701220526471
0.08932267078051503
0.860987128541206
0.8375813231600264
0.46746904047728466
0.6452077695486109
0.09695831593852067
0.8650200819044437
0.0005863031992285883
0.3138775907161049
0.4925830924216281
0.11793093069819605
0.8820536612264422
0.6530077972284365
0.15629333144182211
0.274094682684191
0.9052173840047628
0.9340279854383272
0.6762337184815278
0.8540118888761966
0.09680698525516784
0.7746597420885304
0.9025140020847938
0.4348892225540816
0.059720599563907406
0.4089952416477606
0.26181535408745527
0.3006698177282259
0.8325049891741131
0.1569219068398794
0.3967285529514706
0.24840068239344182
0.5279783806536138
0.6547377180680559
0.16578645810462456
0.7977612661182824
0.6120445256566155
0.9372391386977782
0.9711098221105194
0.7936985913573914
0.3343807696136887
0.3079719035706676
0.6584930447550142
0.19881148724621334
0.15343830352272847
0.8325450426186953
0.07637339425882173
0.6707136429621393
0.8137023016844981
0.0834763079007722
0.10751933195002239
0.4675281153268085
0.0718356836889531
0.5423413230616166
0.9905352319234276
0.3317255933983957
0.3240382323953236
0.3989761668999805
0.4100978344096785
0.34512878103911415
0.1707103288484918
0.09169536243457288
0.7931627289948805
0.2784775354316289
0.018845927195495937
0.9009924313644938
0.9672672170957702
0.31804218603458123
0.38830817202203427
0.4882083676494633
0.22801896142863276
0.41503303889493326
0.6544858727418597
0.2959988132424881
0.7478594646256886
0.6854095734084361
0.04744643174517471
0.06701794215253831
0.46774123573715853
0.4708590508795514
0.4330854888461714
0.2844152533630102
0.44050871420468585
0.7727265559231467
0.11604931104760563
0.8149369980268474
0.141985828315921
0.08576240992985029
0.8632085315801086
0.557265107016586
0.30647878858567956
0.010113014902393469
0.8098879019586354
0.4779431398267018
0.8444598600477674
0.8560864593927439
0.7570132619401947
0.3459077976773395
0.35069013033033636
0.5028074470305011
0.09318932081236175
0.9063204643118663
0.8662934280673852
0.27606474454191876
0.06971529093779638
0.01449512583872159
0.5051394352134225
0.5558630452232505
0.568170314019997
0.49964137931075225
0.2927307282933488
0.8679512698241663
0.029157219382517918
0.03431349193418565
0.1952253733892234
0.6901023090981576
0.7575630128307713
0.803772701027925
0.11501090003601411
0.5958767618288625
0.7190573510843568
0.2643722590774028
0.7532219413029012
0.038269199835243684
0.6720381012297085
0.46950532912855214
0.11325645253418182
0.11535050714737005
0.03557961296681866
0.010369272935036533
0.9110837237807142
0.35199739362891325
0.9928609480742872
0.7642937983879771
0.025450081958373838
0.8108350651056017
0.5841807416745365
0.40029046906307697
0.6948667139876743
0.9703340315867783
0.08102864797871401
0.19386869911693505
0.8473023092242024
0.2118029569258567
0.20378861818610894
0.7322932765305449
0.36537967180833375
0.9134054136198357
0.1291275194598951
0.5543175737270314
0.1683428657145123
0.9209937831537125
0.5149745141717331
0.40615425297266394
0.7105831569774094
0.7751476773053741
0.47620491400596754
0.27841180222969786
0.5289965153156202
0.8079243352712884
0.6335871361534461
0.8066135833232433
0.7610954842302405
0.6998485204466092
0.050081475706271306
0.6152430517019625
0.47677042108988155
0.27830348311356334
0.7227549512691923
0.5186562039909363
0.8338873596835249
0.5287274903826101
0.07077586236321631
0.2686099905528492
0.8120054137667208
0.4557476337551736
0.7579442777352632
0.40576335778107453
0.40220504623643905
0.06526579916112296
0.8998008835979923
0.7884435780505061
0.5954267751345722
0.9851312109876029
0.33793060199558345
0.34923356866760036
0.5776340495390928
0.6376663272921751
0.4034228719824283
0.7130659686368402
0.28317343061673217
0.3428141785184222
0.5398333136931663
0.7408680517993409
0.5118531698088544
0.20901286338808867
0.4839066056163446
0.8411941487172158
0.4113655397054975
0.8619235417374663
0.8775016674218051
0.6164271378358648
0.20232506624552837
0.40413185641095806
0.6138587116604998
0.9404935785564422
0.1797207484634682
0.9390897116137494
0.9427468912750541
0.4980739675578483
0.8227691288346148
0.7593894073566134
0.5677054768042953
0.38983483759867377
0.3091894635076219
0.6967434161294971
0.08546458125914846
0.9803635025984754
0.14643856820943313
0.9347218945029963
0.11841728599948875
0.6660311554109061
0.44172235060731835
0.616007333349492
0.21164567780859822
0.48809094917781504
0.675606590074644
0.6351164076263061
0.17174146215568642
0.21661617452001158
0.9390522682164364
0.4799186317556349
0.9387830358451476
0.5652303934963341
0.2645137742862568
0.4621768993465971
0.4292530021400236
0.5497513369476023
0.9007467072585853
0.47314533827603866
0.18423439812452624
0.09977788602577886
0.041681245709478065
0.15483809990494557
0.18435186046455188
0.777026080300742
0.17196100841430106
0.29408536664665386
0.2963311867695455
0.58661651660181
0.2512447519573543
0.7804810519318819
0.4917870240265543
0.29741511250167585
0.5429809803814036
0.4525219638588118
0.8353489496005382
0.48652445346067685
0.09605470557936246
0.5237227932240376
0.12185377963759447
0.9442951995764877
0.12110286938251402
0.38449140642631696
0.8621092917201132
0.7306933920647762
0.6594074933307215
0.07761210477841984
0.07545512596575255
0.7862289304828909
0.7845022667975693
0.3436069818173151
0.8172048882064933
0.06949109196368808
0.837687993758187
0.34383867417448133
0.5006740894376872
0.2980102119078374
0.6783720385841121
0.3666570209057127
0.29533256887148784
0.005326004127099826
0.7727431597309047
0.8500194240174032
0.6300113378828541
0.43128771980981095
0.3057287286414264
0.3375045973153705
0.05023381561898066
0.9463724823744863
0.12275614859224215
0.20977504807546643
0.18244656040652607
0.516281043657105
0.8975446924685802
0.13739211561106002
0.5310677896050522
0.8907656114564937
0.3615030195615839
0.46083938018263415
0.9748291555974661
0.7774209874629796
0.7419025601692639
0.14533922719975623
0.9480745032878294
0.6774923035147897
0.0606006200354392
0.19581838191996948
0.5103647856859378
0.7999275971613333
0.7491279806993264
0.9290649541952707
0.9312141804243732
0.5740316183549794
0.5167384635525111
0.5481826247981166
0.5788973254063084
0.9612440688995584
0.045879352357307446
0.6943620041266629
0.3668302567265388
0.13598750170565133
0.5350497544110356
0.3597919400124079
0.028482448382767367
0.952628226669013
0.16478903396119615
0.36048608137864613
0.08206860532609384
0.11226669729023486
0.44665316837258673
0.757912230793339
0.33745034875571767
0.15017449749488976
0.688267937896072
0.1139835556132921
0.8591679670055469
0.34322415148033236
0.718639684199681
0.438402571604425
0.26525903753454794
0.300991446893619
0.01088405878529275
0.14316398597172608
0.49673978974490607
0.575832029008766
0.3841162490542488
0.19320184282227348
0.9970795535543142
0.5715941603364612
0.1311508288228722
0.775881570093382
0.6257882503903693
0.9815428961218602
0.004314355592001884
0.7474091851094791
0.14914493537925932
0.8269287987848096
0.5235477531565157
0.16727786248812682
0.5084853082913503
0.8583264564624531
0.4671045117177214
0.7223982362855366
0.4361728012163134
0.33468978181817255
0.3551250346160184
0.9597226139176843
0.6166591293723298
0.12573614708139713
0.11980913325501497
0.026816154817404292
0.21960226324866772
0.2774158965109339
0.3183049479050115
0.7636713267694893
0.4350491307835571
0.23996293829831472
0.06570837318964218
0.8695677753644389
0.29414679629405494
0.6195607295610386
0.04723587049973954
0.1522583445352732
0.38895213433159614
0.9163999230713146
0.46219590238920183
0.8604656604505829
0.776973484574786
0.40128286229710297
0.43113603818400603
0.5341719506521052
0.41725263344365526
0.4981446782489708
0.9329201410628465
0.13247884110164754
0.735136681889476
0.9525698260496961
0.47213305662172844
0.23808924910023288
0.43755277944719095
0.5335081205021079
0.4179481550920554
0.8692673054118618
0.9374479986290115
0.33756944258538535
0.36551107311432285
0.7937230731554469
0.596503075700892
0.005328618819191888
0.3049611977173188
0.9913419185904931
0.6794168096266665
0.6729982979965077
0.20957837905884202
0.967950210257287
0.9130258366155473
0.5121245598916044
0.3235762216932969
0.5366516368848856
0.23727906804411547
0.8998709419775675
0.31153187993196885
0.2857679005772721
0.03695539544325521
0.5174289938319154
0.6353952907049231
0.5770567118749989
0.20428350483985858
0.3380126795370244
0.6519223193392826
0.4360560189925865
0.7963580926301936
0.9835492337911436
0.24314801824243415
0.23669843042600303
0.022890462132577616
0.11888502850438809
0.25899175476446634
0.6059040424362744
0.6602635047930179
0.6866525058693356
0.36015023160827264
0.11524146852995809
0.3725479736828009
0.7737458817314118
0.01330792934148406
0.3706161772374186
0.6531936757256055
0.19094179669638733
0.3931138175228055
0.8700534558349913
0.4689847798983722
0.273457153730984
0.3671744888971965
0.6797669264177655
0.011545755298391414
0.6064300010954601
0.8938239632351164
0.9813490002526353
0.755169411067608
0.2343903213900158
0.003041303882058921
0.23678189411026251
0.5861390911420638
0.2783115637575039
0.41303905873222135
0.5048747197549989
0.44856725049699675
0.5147654560090303
0.8691696650906396
0.40849178740943193
0.9240336911612064
0.04071995289165231
0.7113017365164254
0.8974293526425489
0.6457646775716879
0.8930104116076129
0.06343968313879622
0.2525653419233761
0.5168329004194545
0.6015573144569338
0.865583157911455
0.6358871565356036
0.637019778192589
0.3047770335693146
0.5848262529026337
0.21775132036614642
0.08814848054909596
0.8528453314944915
0.2974233175155755
0.9329876795086499
0.1185128796987861
0.5130393277344858
0.4689028033657566
0.832653669558039
0.718914321757399
0.506992638917471
0.5613688611123662
0.7822775024619374
0.8022619532019768
0.9126331679353555
0.38205135315922734
0.5693199805764667
0.965879424456215
0.570580870301798
0.44901161721150074
0.14330452678200434
0.9295902621114229
0.7766415483320629
0.042729000758612856
0.17692389502590022
0.41980702185030183
0.2671328657131635
0.5431276024205182
0.49994804280934413
0.29779962310183306
0.5140267202789895
0.4085980625877701
0.44201083935595076
0.5081875023702203
0.8762008018786192
0.988097796094796
0.9303543030442625
0.7338481555709645
0.532537866450794
0.8883369040882412
0.9254662546706673
0.4049710985065933
0.5178884029925968
0.47547867391330234
0.6237289194823435
0.4811005848090949
0.9914760370971419
0.021695735005766825
0.22695784516448303
0.525842274857812
0.6310352771502482
0.6342388673855276
0.5253220835156375
0.2721564647204424
0.10929696968784985
0.6770756309518704
0.04993164338294864
0.10467539344337273
0.9863970236505811
0.8547317246987645
0.5790810418232858
0.8434855289677159
0.6406855406520577
0.9118581179316537
0.2556149344751234
0.8572892286039774
0.02472700247842763
0.6733530375838104
0.027218027804963407
0.579175706424423
0.2842960413334872
0.6296906346092142
0.31849661259879514
0.8608175744730348
0.713603701366792
0.7072425453881585
0.11184327165071728
0.36844128969330536
0.5030097243958824
0.815835710611424
0.9855590340998153
0.08331558956940699
0.03035326386509496
0.055822150081754174
0.7716442766034575
0.8177277969311953
0.8918248706219037
0.823258041269426
0.2617824528042819
0.43495172716850294
0.016069890805629594
0.1062028258224984
0.8693353417999405
0.23062936259310873
0.6932771989455061
0.934119892118992
0.4772677457120773
0.28065835808175243
0.8284864469230269
0.5680546910493943
0.5388684783573253
0.31010021916756214
0.13624637401385686
0.5657762718322348
0.6069740744563654
0.4811193575931362
0.5128480463486415
0.835933468889303
0.44141493023140854
0.7872000150230214
0.45965214417660216
0.17449570059439423
0.05664677411404073
0.2845143922979242
0.9784632221250319
0.39560701636687257
0.10641702395382036
0.5448283661253986
0.6953842538919589
0.17309955773727437
0.159017946696822
0.5922107946526839
0.7605702591494129
0.12096149279949531
0.3389580511922756
0.7607861786271741
0.8501531055346209
0.978174552130679
0.9719787811638301
0.01353412371547702
0.22925655168889603
0.9277775808139298
0.44751297876270424
0.7601696029307966
0.4825219770631144
0.9039579138321103
0.05719103295106431
0.8605328364921254
0.925676417253669
0.37302813845513627
0.556701734826809
0.4392184155745542
0.11812511943125059
0.1937610053021055
0.5284661225913647
0.5709152898640231
0.380776048164838
0.08466676728412637
0.45348798378277655
0.21351030299612106
0.01245141664002214
0.6593299501036661
0.22158348530792882
0.6141754922640655
0.19758004624238745
0.4310460786887623
0.9406176829140049
0.4746350644105267
0.8203698619943169
0.2893349308267521
0.20861692988910951
0.3863018636497847
0.4776775691498024
0.24383856335541831
0.7961776688127149
0.3635712046494862
0.9607291003615863
0.5639973716873565
0.7997130068412597
0.37981181774925965
0.31529503958345395
0.7508035381705555
0.5530682139706281
0.018198504320442344
0.6749418138657131
0.9768918372580574
0.86429437377938
0.892067244181505
0.5052931701467426
0.33716199275185577
0.9701103737651938
0.6278322514610286
0.2981395082409455
0.7682294973007016
0.7245731206821805
0.9495101865249188
0.9463814234984158
0.8734845309465633
0.35521521674471157
0.5739328194982506
0.9431932663233956
0.8108210560820002
0.18184236200304238
0.03780525992207595
0.7571768205351422
0.5542507467199446
0.11207693187444778
0.376171967999852
0.8071569792180845
0.23770685671111513
0.9539578385543684
0.4793980481044502
0.21279361904017424
0.37862987818002003
0.9371833338279233
0.5103772275722906
0.9422734314912298
0.961053053017552
0.4812205371043973
0.4444150194839218
0.3346246906038154
0.8334435978799105
0.08429855735439962
0.19512571399738088
0.92470431654536
0.4575547709463661
0.518256070637596
0.9162454447639728
0.17555706496696122
0.2662357519646975
0.7521739684509335
0.04181190218866815
0.9037647146480086
0.9754743475848253
0.9859449390615034
0.5190127359748284
0.025360170799375137
0.6492818617651589
0.7262935862776021
0.32401139184477035
0.9795713034237142
0.48334733619341774
0.17712334663978346
0.2806268825156313
0.7600177109412555
0.7190275201484334
0.4322583450987174
0.18082076111657142
0.6580125326881108
0.3004681316852438
0.10124621552871993
0.1452799859617887
0.4320141303719357
0.385612716079502
0.6585653163523969
0.11168234362175622
0.7548228910619669
0.420181937005387
0.5941028572125551
0.27134187893502093
0.22568647927149077
0.15005915653995927
0.70218958242029
0.9935633705796328
0.3711820423875106
0.7250704782877
0.6232204633914977
0.8545747704586135
0.176733145587185
0.776110187997439
0.6992371260816724
0.20045751013476
0.4080936803543517
0.7634479532808346
0.616005652936104
0.901989627743689
0.9336725679104952
0.2697839408514716
0.4500829150543587
0.7619700107389497
0.09452587751846753
0.513961962637009
0.6941558993671538
0.20649699881452688
0.053802070236996236
0.2685177187642769
0.06478813295072294
0.7011574319495704
0.6197094372565275
0.34908316824025365
0.22907290369758448
0.1355834777390552
0.21252915685382334
0.8956392963652738
0.00998530296542366
0.39548597725745827
0.5148775713295323
0.7395993527255105
0.3430153095530736
0.843534151323319
0.08642961424954254
0.5259301446512084
0.27039070638283447
0.8822720156667159
0.5692381576927394
0.8653815725489764
0.401727461325152
0.8254895931690369
0.037305609335754
0.9220167100040424
0.7012570576124441
0.8602499141418202
0.6617873383179087
0.626743721047857
0.6759659285233611
0.4498781442846703
0.08540121352860586
0.08376774825563871
0.11185324152441933
0.8404229961945003
0.31427705130875516
0.6564640081727252
0.06669702458196192
0.41324379597465444
0.43457882099048906
0.562546467445228
0.7590485206413946
0.6562588021154071
0.15285787133651096
0.5378484342437827
0.9829988288626006
0.10321663982538776
0.366259247056685
0.630100342092489
0.3001880516730351
0.8388931151254164
0.6673864264314234
0.5812321320070433
0.6730826829640872
0.803289126678205
0.11579782397735117
0.4789077991627009
0.08608600980657766
0.15096974976715793
0.1829999690851012
0.07388860447909096
0.35428528685385885
0.2943504433892852
0.1906376977564569
0.9369944548843593
0.46062578662412634
0.22622987869051925
0.7107879205129564
0.3669341310663359
0.1753742773427951
0.13509643779485092
0.24898488720686285
0.22587175378720392
0.08680814218143151
0.7488887368936831
0.5693803086993003
0.8540187281471616
0.45266858838174984
0.7913265922348246
0.32139191408547374
0.4623005783121751
0.8467634669465225
0.49531320094194775
0.16339127060761338
0.9037810820390356
0.8848597780249804
0.18762867201160538
0.0653659064541634
0.8461004650865984
0.5279415665576481
0.05043594754865233
0.32601540022757924
0.6265180408815982
0.2531021273798185
0.1127132219063447
0.6976889849273372
0.8305555784292041
0.6675895965947655
0.7753162000153793
0.6109702979515389
0.8365081293837954
0.4166508844531599
0.006753863410331906
0.21182395101511986
0.9008568174203349
0.7094480015778332
0.010170586062204667
0.9258348703421325
0.7455224555624816
0.7781337827789
0.4789826232994695
0.3078755287506909
0.27024643580120256
0.43410184905072036
0.7442961924056891
0.164133044020646
0.58871204016227
0.6441633856912409
0.13727618974871525
0.034145695182839275
0.7755561209135126
0.025789701312338376
0.33646717322055075
0.8997004201476826
0.9970964225101399
0.5869676815483262
0.8238581640714544
0.1230970959797214
0.24514045595678857
0.43311159625135653
0.8249620432166523
0.7365120530151298
0.5919238221701386
0.5222603575281043
0.02101687769707483
0.17856441240800314
0.8901518615326194
0.8609776264118357
0.7425549869117154
0.37683058022390625
0.8876055531074107
0.6906300195764369
0.38901349979630406
0.4711309609478648
0.8202964489028373
0.8434663992785509
0.8113097805132509
0.1488915248949365
0.9169589011156346
0.18745517424637648
0.8350303435814355
0.6299903901901355
0.7677441361802338
0.3688841376109957
0.480161344375705
0.6453477185008256
0.6470438997853533
0.8114777055689859
0.28797362373166524
0.6422021648387547
0.2566515414193361
0.45943724865787194
0.5041054572476217
0.5453761212153028
0.9014714624980265
0.1408314135496639
0.7097607755052193
0.6786202701531759
0.6933543423641219
0.8387337581756316
0.32621428644127337
0.3870689775462649
0.5023904578087552
0.06765734060676531
0.10760609078739891
0.49156919238905117
0.937230524502121
0.574625855475317
0.06226525061169652
0.46264722757574517
0.21098247471938902
0.5977346512870756
0.8618107510386502
0.9267429404025359
0.2744666930713343
0.7753850101800316
0.6945161870761186
0.10568988329216977
0.900320461138067
0.34325978470302376
0.9179304252150978
0.9218021334688762
0.02286039365542325
0.4584776492301329
0.099796794721708
0.05946408553221594
0.34056104153612676
0.5609594929951528
0.9991780437672981
0.38074026644199943
0.9355939864333266
0.373054420239579
0.13506920764167896
0.9100943833873524
0.8143790217559972
0.33144809932261965
0.6807179656643932
0.17197521876324784
0.10008106439638798
0.5659604629904962
0.7829954293422562
0.10321949209632542
0.5137975852856568
0.24890283298128724
0.9868534632202907
0.600332925425779
0.6672217953401763
0.3812052612459179
0.37071201819022614
0.9962335451242857
0.42849760396725267
0.32403355091699404
0.20367888558457758
0.8524178193080506
0.21826967012094434
0.33693134015942405
0.8057684106467333
0.5312566388597579
0.9285092787193269
0.9535799026004382
0.16828402806422094
0.2338358869772812
0.4913185892887494
0.1988249757854872
0.9218528145486931
0.6585239935888747
0.44936035653077144
0.48463490483828053
0.8196070916706186
0.2541251594340014
0.627559847279233
0.872567936627631
0.056902856514869704
0.7356750277626858
0.3979959147864386
0.12795844207916374
0.8675703652114954
0.4522140998501487
0.17301360087914508
0.4540452359550585
0.9183792574812323
0.31464009836326645
0.10045081997391425
0.6957642210464631
0.8418844126738159
0.39652346609023903
0.22392917668397716
0.8420746558801246
0.17806151139271054
0.35922822163127843
0.18244860226987036
0.6484054107035618
0.7737032385991703
0.4329846675390756
0.731010036344632
0.6353390807501481
0.41462985098746186
0.14667765610688688
0.9608777760157361
0.8152750834127549
0.6014339188244321
0.46596107206067294
0.9633929669700699
0.4585708564856785
0.7646710626802719
0.7552143491787842
0.8841557579079061
0.8481628163537308
0.9348868804720625
0.6373030548148279
0.530744838207512
0.1305535115638604
0.9683723066277402
0.37196023099102205
0.2419578851749017
0.4639870281899898
0.5743166287281535
0.6351730161587301
0.37040441929991097
0.5795339972161999
0.13009447430027898
0.8816810000626355
0.4031312753797679
0.3725960981380314
0.4483179730841075
0.7095448096865136
0.8413990411437159
0.3008917013285095
0.2036922018843973
0.8728638208142512
0.4737808483843118
0.26706334169039114
0.7063747732826153
0.045009291063033086
0.23241174251558028
0.7154069449067738
0.8534860614938536
0.9292519378296792
0.9722373452459235
0.30110043679573884
0.18121271996293198
0.0787966085441626
0.1489277995251419
0.11096851355716131
0.9962220426283668
0.8617175769075766
0.883159612002461
0.21775396743512943
0.000920468596419477
0.6307801871142817
0.37174600496997756
0.5764099231551487
0.5279143644361759
0.12412231582199795
0.22786219194601454
0.22923127585224
0.7358983169068097
0.7867246782463969
0.07265839472930491
0.4659589998195146
0.85123911987579
0.5243596354961286
0.01865635882681127
0.2100686297904919
0.433790000333216
0.31432461620691077
0.5492115434066442
0.46607135948684686
0.11683227809581076
0.6530686650374019
0.3909379731645467
0.3412409601656138
0.2989450393704436
0.5601644868433466
0.7176149950000407
0.29169804784130904
0.9286248000048211
0.9929468390952655
0.734797212456512
0.44874297434395294
0.3270490091749836
0.3841268969019752
0.0868453695866146
0.07383741959927503
0.06967515349418152
0.899528249873056
0.01939846359012032
0.6054464545033446
0.6675241424575196
0.38678791366026855
0.17930057532919053
0.5817434639567224
0.12116502202247503
0.2600682922130564
0.5014105326776228
0.36733716774800107
0.5334469662460868
0.1280317826733578
0.016112455340634213
0.3108495230703945
0.8317622475182368
0.863452584820254
0.08432204378758767
0.8511380264243074
0.11593932385206063
0.4340050409445423
0.765011773490134
0.5753699390828452
0.4189018667626385
0.7693347799524036
0.6381939215407003
0.08051185698333818
0.3936163332202287
0.7698898981810371
0.17922215482442427
0.3682159117195236
0.37619242806143083
0.36468467126371584
0.5771988843235211
0.5877925837317738
0.5699175228334169
0.3737564500381415
0.3020847624129108
0.7760540404958419
0.3692040258142969
0.26638757702740723
0.7968581582157078
0.8862577314581397
0.7280267285678503
0.9385669359636806
0.033348503060297574
0.1763200116506387
0.18483510903032896
0.7894459535953778
0.5227264082366478
0.6427676903758263
0.7469537597142525
0.09086303103128845
0.8997933903845988
0.18732015016432668
0.5271782702320821
0.6763328645807172
0.7218142557199424
0.5743910768481489
0.486923639943055
0.4178609264078418
0.6989938886553259
0.3568796007566839
0.18197893971797585
0.034960923790945064
0.002726456078083861
0.00041923629898765746
0.29200728000808984
0.46425150398772963
0.43591000871119434
0.6838336572243212
0.704381506315995
0.4637539646358526
0.5026126756657822
0.016088753058509098
0.346928256862153
0.6376299291834646
0.3382270630062124
0.3498347194833238
0.3631501545009197
0.002181675941180794
0.00355737310288462
0.9982124662231079
0.07323888732619299
0.5522415803211035
0.025894097250594328
0.11255997851675881
0.8975493946237342
0.3622166772830877
0.28593666785109007
0.9366274697313647
0.6763653355582367
0.1466753503391982
0.1331445409956552
0.10980580021477382
0.5587960961930011
0.6800318322157919
0.6673156672560168
0.6533344453874734
0.28685077037368956
0.6553493981257402
0.8820449833226931
0.1863835057785833
0.5948010191913867
0.885354709645206
0.9080852269789127
0.26222649098387485
0.17533618531790307
0.5938314654795185
0.7726205064898166
0.3052684093528697
0.6962559733884037
0.363429047237383
0.1335179069159821
0.001482930540348204
0.10239991307040097
0.1916020592863279
0.10733417629835074
0.8156651208107498
0.2568457234756458
0.01622001845524268
0.6558435789095408
0.8060802940683248
0.2634345500554507
0.9927657860873065
0.6625759671933189
0.5185733444271551
0.2739125137153182
0.4397179897369615
0.2757073187878569
0.9005955916830735
0.38017128717640825
0.15094031388497753
0.6052242665037544
0.3752309967250772
0.9979127479607619
0.7479993387116882
0.9847855015161965
0.6342723998532945
0.9030937182707947
0.9672349440635305
0.8365125878731818
0.19964335631030605
0.34765104884373776
0.7216852381436625
0.5223453791260114
0.814953113545551
0.07783048679599247
0.5187775335634701
0.7224566870647259
0.5105480464355083
0.579673161938998
0.5998362242676311
0.4191671021659371
0.17744355358786468
0.6118426691754739
0.2373261727667576
0.2565479031044007
0.12942963653913575
0.2878925027226321
0.43044082103209946
0.4224816190921543
0.29737866630339915
0.5696644262643248
0.4560072557211756
0.7612097025172031
0.5236226997057276
0.1657587016801515
0.15462317862777053
0.09369503426529358
0.5621484199557515
0.037983254656829946
0.2742527825679759
0.858748772984084
0.30839025350621063
0.7472761985399347
0.6426752290126043
0.7458270663621713
0.11581675148281656
0.1983313929476722
0.759108344593613
0.3090357590230559
0.6955768178479224
0.9131924057298909
0.42674775902133366
0.9252858165967193
0.79840092601488
0.5099227184234023
0.7883261042131197
0.3737600947207609
0.14750224085161578
0.9697488094341258
0.9601111286675239
0.8527019799819026
0.12264543249031479
0.5099813130915452
0.7577358687788638
0.9208339781911782
0.5883449859314083
0.4208809298831313
0.9533573165002263
0.8128914326196303
0.19450962133380867
0.43560299093672394
0.08078461028611117
0.5361262685805536
0.5315144511365768
0.8276697548542354
0.440239959456749
0.16126834965569703
0.5950509447105135
0.5824132969658429
0.8426093242023366
0.8667362332687826
0.4938947673364781
0.9028385670868084
0.5753617570791941
0.5321653788492594
0.18051352062519244
0.48670916450347035
0.708781878071264
0.8711432500983474
0.3792182169738396
0.9020625886878453
0.7101392186357345
0.6066097760108645
0.37974015703448594
0.8423321912578898
0.6782070400609457
0.9214020510920762
0.9876838871789095
0.09372701971047803
0.25225360317808765
0.787081407559708
0.8641833709078993
0.21638924272687665
0.5403030168304848
0.4950863394226446
0.12538947601174144
0.620110395513432
0.9344270158890533
0.7884205723920503
0.24502613574329546
0.21242358173742304
0.7424558113437902
0.9197278124935289
0.48375136505379845
0.14562295319070884
0.10198444119711514
0.28080767948803287
0.41596210515624676
0.6121373438741913
0.6260604104129692
0.319045581608428
0.1396036307994979
0.2778668150561374
0.2108847777658337
0.40983701547286455
0.8754231015258718
0.11879287712828024
0.6809265515233633
0.5428304610365527
0.11912468152853961
0.8938226555939668
0.47680920403302873
0.09113355292761938
0.7499607848312648
0.7167912817841484
0.7929240394423386
0.5359409206799657
0.3275576801484369
0.9304376512640921
0.5943507280127653
0.908020616811781
0.1371374923620311
0.687132917089138
0.8214462014825614
0.49697186367195967
0.03072535995274739
0.5980560340889907
0.782048381129595
0.0505538032939431
0.4660980868780358
0.31116490947978026
0.20148804902453177
0.8918003127282138
0.9387032025692081
0.3297627404500839
0.6638127097868634
0.455349289807784
0.913513569418498
0.7080763252239067
0.0030005333442353344
0.6800909634301707
0.4864920750338827
0.5417627892054498
0.6453817887704522
0.18867175259224223
0.17476202334745772
0.892888843145907
0.5315455204537037
0.7714440724603693
0.1436866875887839
0.8768027072060778
0.4038547105597726
0.37586398336997306
0.6042032518624411
0.2136393533375912
0.6338470628428771
0.8727499524173554
0.5826662773998166
0.56208494597234
0.6130542405329824
0.30236467688130164
0.105314769222424
0.7789961104367811
0.6947670170797559
0.6652604447862259
0.0027782917248797556
0.7181822520840601
0.44019280234035785
0.966230106692321
0.20259054490555906
0.5889498539250098
0.13600365749694554
0.2183821542424912
0.26427072476953795
0.43560921644745254
0.8815840302460759
0.291318388352899
0.9336249960880317
0.37463789840648165
0.12963961467261542
0.2363767051746568
0.780505851942066
0.12904996410363523
0.6669223153602689
0.45280874620632594
0.2071765837665247
0.3395727480701297
0.41267883858590193
0.07424459046850218
0.24338791743270038
0.6557974108703939
0.07674388406723731
0.2102325537767401
0.11123253955275125
0.3481064336161901
0.375315130596502
0.2760373689062986
0.7546215160246066
0.4734732078443059
0.9035777229510844
0.4719087972700855
0.36161292189384897
0.6807976720940547
0.7616490782909114
0.2579631250251242
0.5140697309566056
0.32736055089378435
0.24313920705835812
0.5131851841361812
0.652012985887457
0.3357351034181215
0.6896537107334978
0.6678944659639826
0.7910873164226329
0.6813180728374119
0.5133577462865511
0.6486715425077794
0.5700175376958451
0.8094905434014967
0.41388642017169675
0.6281778826194023
0.027519294146508
0.7212132112462639
0.9397784982779858
0.7946775662262567
0.6635780597620817
0.4060146591730127
0.8412178893540744
0.6905298215893256
0.7420651869823596
0.09137378767161908
0.5575762575667795
0.16613245501460305
0.508641606640957
0.593411197589617
0.3019282555714793
0.9494956307048484
0.7852956119304103
0.05544841534603617
0.024534622967130937
0.007484387079291666
0.5549256248056026
0.7301256116345876
0.7986665161027534
0.09499490537757538
0.887928411126098
0.5584923056240813
0.3350451973961398
0.05945314453404471
0.20747170609845766
0.4588539587690771
0.974871811927381
0.06834668910477282
0.337288682590435
0.36846149671285966
0.7374992817775473
0.5734329900983764
0.9629192418492728
0.23634888081494665
0.8936609116819887
0.9790122603458961
0.6285819255411261
0.4964519167503304
0.19874612320501817
0.05673470325705854
0.078998309049916
0.2223233976945429
0.2941077267634231
0.9598389673257908
0.9184955632253701
0.41939358461111864
0.9738382072318668
0.5130094657509747
0.5279395683003119
0.12826268736010837
0.6486818827283469
0.36539845075556765
0.8068402606392172
0.4376519759222065
0.20795612976549027
0.7069813810225226
0.08396828766896858
0.3332295467189783
0.11372907643815588
0.7859654422421244
0.2891253175778945
0.1604306689502002
0.33343326157391107
0.48696307893968394
0.7086814025586965
0.06673228899827066
0.002224648487829217
0.9606812070380618
0.16779121850325618
0.4827928213828663
0.7183662500511785
0.053381386323287705
0.08887580940128204
0.2612234352344812
0.2162432522960368
0.9345761552764489
0.30048909943302593
0.23611544475532342
0.9636118968028776
0.8612812081633097
0.06836672241794495
0.07971029755791692
0.7499527166625813
0.9845003426194238
0.004014440513505413
0.06035891622378842
0.4095948142872097
0.2699745711780668
0.2773008998712563
0.12415271143080642
0.22718582512276864
0.07487566084039843
0.9830648811083332
0.8333231879037237
0.5949908960819557
0.3354854510953853
0.07844509377826836
0.1463483729264189
0.6228151191007176
0.08309630016865643
0.6948821897042451
0.32869640322727356
0.6501324431620722
0.44292589953304107
0.9791250818021078
0.8403264086465806
0.5346055698090799
0.04032398300180262
0.9948001765914808
0.6105747244397064
0.7551988639811656
0.8770352001732534
0.44111207246657447
0.2500748612349999
0.5192197548758293
0.8843296491852121
0.9268769506310385
0.401006941528799
0.9471985557164487
0.4197418723616637
0.5818606974500868
0.8814494318279444
0.12070709689026493
0.7799586594096788
0.5664386184700936
0.8924388239233887
0.30338301291534375
0.41491844535035327
0.19699715991413513
0.5414331289081008
0.29497369646133786
0.6601898581662039
0.5184962905359541
0.5462658297516165
0.48007457726191516
0.9588886727015716
0.5918154764292073
0.1398293555942478
0.8553968429567262
0.5789847689058729
0.9766020385617286
0.5762612090569962
0.8093854465601531
0.9746038969223443
0.04191874922822747
0.4157890376236628
0.33092559398658694